100 100
23253  8423 26996 25712 18116 29279 21113 14680  8033 19656 22466 10297  8656 30337 27836 17175  4888 28492 26040 21069  2609 25098 12958 29814  8287 25542 12768 30094 31678  9205 12206  8533 26653 29180 25961  5364 29199 15347  3417 21475 14400 27305 24226  9226 26374 16104  1396 29991  4664  5114 27523 22383 24899 11115 25783 17784 16762 26129  5156 17750  4782  3658  7484  9477   511  6021 30019 22023  1777 30468 26884 11341 14019 31200 10947  1115 25084 15437 31858  5288 12358  9759 18984 28227 11903  4237 18638 28860   782 31029 27932 13634 15475 26209 20164 13577 28194 24713 19436 12015 
 3986  9497   226  4190 20881 30323 26635 25972 24026 11576 13853  5217 13545 28356 18062 26641  7694 11511 11341 11788 24001 21307 15023 27546  9781 17602  6828 28202 30256  4112 16459 15092 23065 31674 21595  8670 17235 20589 26212 30620 27081  1073 31453 15132 27594 10991 18847 10785  8216 20529 16538  2350 20027  7722  7879  8869 16667 30198 15197 16688 26574 23843 19784 10592 30895 25711 18135 22164 19120 27603  6581 32541 22769 26561 30490  9119  9361  2987 24642 11706 26820 32196  6943 25066 21797 30730 24395 10412 16974 31364 20288 29411  5286 29384  4555 15737 16763 31937  8126 30793 
10833  8367  6630 21565 17017 12911 15164 15539 13029 13821 15199    38 28730 27959 13634 27658 30503 29412 26146 24567  8950  1780 22716  7178 21088 28681 20668 20105 20134  5687  2680  9413 10461 15112  8926 25413   393 29380 15275 18720 28270 17135 12255 17067 29347  2578 27757 12116 15592  5311 16694 16078  8249   975 15928 10607 31396 26606 28931 18390 32343 13914  5741 19920  4349 31463  5255 11389 13643 27463 20688 24494 13013 16264 13992 10898 28711 29662   519  1938 13073 22435  8814 20345 15170  3484 18974 23512 27416 24958 32137 10409 29367  5808 14086 14642 12633  5203 29384 17452 
16613  4736 14097 27429 24514 11472 27811   291 11501 32290  7032  9354 27209 10648 24498 12351 14647 29923 10965 18446  1383 22465  9524  1097  4590  9411 17321   178 23704 12116 25993 21147 19327  4855  3799 10828 22748 32720  4792  9125 12574 12390 16935  2565 30521 27815 29418  4970  9025 15917 29381 22233 12087 14783 15085   512  1571   539 30655  4634 26978 26610 14514  5139 16450 19253 23691 12268  1484  8591  3536   866 18657 17971 25470  4042 29321 30423 31230 16192 18055  8704  6230 17664 21041 27265 13725 23828 15742  1086 29361 12080 12897 20022 23596 22746 20053 19905  2195 25293 
21049 28437 26321  9632  1119 12047 20708 24995 30944  4657 14039  3594 13362  3303 30192  9037 23548 16654 12330 25806 27176 13494 14309 28093  5690 26151 25565  1336 26849 24867 24409 32183 11724 14699 19109  9128 14271  3717 16321 32598 10982 31931  3931 28175 16745  8039 18939 22150 15936  2158 27006 31862   585 20747 11973 14216 30616 10190  1966  4471 18190 32740  4419  3954  3117 17816  2610 10946 31530 15386 18814 15532 11588 26751  3443 24985  1877 11786 14047  6004 28327 32682 17535  6996 16392 19139  8888 19035 15649 32561  9095  2526 25603 22667 12987 31429 25859 19620  6754 31797 
10952 17240 27521 16749 10402 31621 24328 32494 25373 16727 17156 29407 26327 22985 18455 19631  8590 18280 17189 14332 20861 19546 14161  3764 32489 19872 15400 30330 13303 31640  5147 27979 26304 25542  1843  2401 18855 20435 22016 28759 30187  5590 22739 18831  9336 15827  7981 12241 26883  8321  9078 26164  9045 25425 26354 21570  6887 30123  2546  3415 30896 29563 13383 26442  4923  4332 25084 25679 16636 29555 26693 29724  9444  7184 18098 20555 10547 18129  6312 30720  7310 25495 15122  3787  9553  3100 31316  8912 32550  6965 23680  7717 14039 18773 23501 26491 22624 29267  9541 30209 
17225 26733 12221 23685  6450 30860 16138  4060 31408   970 10098 27781  1623 21041 25953 16265 19992   709 23901 22181 14030 15557 22588 23467 30227  1583  3989 32550  8792 25474 24180 13885  2357  9415 27218  4058 16381   978 22596 25867  8854 30662 25202 26792 13447 25047 25035 23094  6227 30548  8183 24587  4358  3300  1421 19635 16909 10000 30855 21395  8522 29697 32499 28876 20328  4747 31211  2146 19052 19051  3270   158 11917  6605  1168 23472 31046 15378 21432  5273   681  3535 30217 17224  8438 29209 20699 19459 10860  7424 25483  7689 18783 26457 23592 17782 22155  4033 25711 21606 
11688  3294 15098 26461 12351 21736 27828 18663 27323 15976 17040 30843  4035 24128 14203  6309 15815  1772  2703  2149 17113 19719 16777 11218 21183 13585 12157 10242 25414 28271 21448  5678  8921 16307  9543 29202 15697  2078  7622 18323 25359 31331  6587 25508 17992 29870 24629  3178   673  6629 26383  1182  8956  4142 10089 24116 14737  2225  5720 24634 15936 29855  5597  1026 10021  2931 29204 19843 28526  1656 16046   765   105 13707 10401  2012 12513 20770  4126 24287 20139 11661 32452  6009 26236 13180 19987 10872 15870 16834  4643  2532 13346 23640  7318 26666 31671 19621 11211 31353 
25660  5884  6740 14957  9458 26983  8875 27371 24118 26531  2848 25676 17678 30827 19990 27581 11522 30714  4719  6629 25645 29643  2117  5321  5523 21411 32219  8429  9653  5073 16595 19900 15715 29876  8097 16682 30418 17279  7999 26264 24814  8249 14626  1272 19697 25864 13678    49  6709  4782 30054 18885 29766 26196 16934 17585 14140 31879 29588  8341 28232  9600   916 28692  8332 20136 24955 32382 24624  9563  6599 10412 20402 22252  9741 15660  4477  4586 31026 10143 21950 11426  7134 27486 31347  5349 27950 12644 29124 27916 23465 28008 25239 31288 10870 24137 14175 18399  5836 28079 
 3892  9348 29097 13040 17705 23493   455  7472   474 20891 16844  2253  2884 25310 20160 17402 18138 12039  6853 18089  8661 12090 14338  8623 21451 16004 20449 26914 12163 30561  6778  7686 30216  2689 27215 23337 24572 29387  8249 18764 20783 10915  7074  7811 27248 18024 31477 11487 28067  6209 16467 17481 10260 16666 11912 27569 22283 21225 29245 13673 15009 26678 27502 13003 19153 21722 11039 19234 17106 21511 31051 31176 30372 22408 30494 14219  9962 23626 12644  4949 18167 26652 14144 15885 26923  5299  2337  3512 17792 19441 29682 15332  3680  6503 11409 25414  1978 13592 16259   162 
 5204 11135 10470 31467 11619 18132 10406 30380 30809  7564  9972 30886 28414 27167 15604  7098 19906  4109 13750 24074 15441 29219  7016 18780 25705 32250  9418 31423 27368  4290  5858 19824 32554  6461 28400 11518 29841  6926 26788 21165  6757 30516 13455 29208 17887  7634 29400  6427 17024  3377 17968 18160  7335 16903  4871 32408 31331 31994 16128 22653 30342   352  1187 22357 12795 12617 12115  1097  3929 10943 21375  5719 19639 19020 22300 10485 28611 14013 24146 17911 14350 23078 28789 18098  2986 27686 26936 20578  4599 29036  2589 28617 28858 21626 16432  6169 24431 31657 29173  2324 
 1249   110 27039 24690 21239 27611 12162 23171 21713  7273 26827  1557  8979 14580  3695 28568 29313 21767  4193  1920 28877 10842 14600 18411 25516  2969 25840 23940 15919 29799 25280 22439  8273 23203  3948  9158 29901  9450   683 22539  8498 27229 24492  4414 31800 24484  7684 26602 32341  5427 24300 16571 24716 27339  8873 31787  7558 23620 29259 18781  2275  2955 20890  8265 28882 11239  3406 10010 32223 12928 14718  1748 17677 28705 29787 29498 16421 30781 16670 27119  8269 31024  3903 27867 11996 27080 16872 15312 12397 12292 19369 20846 32307  9499 12909 10052 18828  6848  4013  1335 
15832 17829 24803 24616 29835 12606 15426  3025 28545  8391 15780 17392  3474   392 16324 20648 11623 21080 13741 18980 29323  9312 14450 16253 24773  6433  7456 17630 16806   441  9969 11494  2142   865 10690 29005 10196 25915 12487  3787  3829 27467 32126 22581 16203 25282 29409  1258 12754 17283 16608 32365 32264  2784 25614 12627 30532 13220 19867 25952 13384 28503 18306 24813 13593  1213 26883 23436  6927 30624 12116  1007 10024 24015  3732  7430 29345  1383  3840 30312  5576 20561 19049 17396 12556 26892 24038  6328  3158 13485  9158  2322 16540  9764 18888 14356  8115 22208  6031 21549 
20068  2038 31056 18182 17603 29278  8910  7339 10428  1534 24200 26091 14063 32715 23856  6657 11710 30829  6496 15220 28323 20547  9097 17467 18887  7335 27180  7461 10193 31347 21068  9336  1532 27075 13347  2008 30829  5885  4116 30059  9923 13583  4065 26683 30447 19704 10270  5084 23110  9866 28133 13134 28884 11886 29900 16164 30452 32104 18708 20198 12574 25820 23075 10677 18943  9362 26932 18989 22223 11702 20558 22928 30175  5923 13682 26144 15217  9953 32281 22732 24781  5355  5854 28175 27025 27446 25463 13846 13129  9968 27369 24609  9023 32517  5116 21803 26261 29672  1517 26061 
30864  3216   356  3936 25399 25793 17829  7266 28189 28812 22026  9242 12155  6425 13233 11647 13185  5796 24434 31063 11758 11206 14356 14236 27103  9718  2240 11299 27620 18255 23477  1664 31321 32148 25918 28964 32756  2673  6881  7112 31898   259 19162 17679 30839 15515 18376  1894 11597 13503 31909 27951 23052 21106 31995  4128 29860 10934 25941 18405 11799 16974  8180 11277 31954 16072 25028 27939  8509 10427 29583 18715 22673  9038  7023  7921 12778 15609 14985 25996 14749 15760 29432  2536 28363  5501 27144 30836 14134 21068 31397 21945 17748 15470 27667 10813  9378   566   223  1447 
24635  5160 29205 23843 30633  5747 10931 10504  5627  3004 22366  1465 16151  7453  7764 23497 26450  9070  5026 21346 10558 21955 15767  5863  3523 16693 15736 10456  6770 28134 28789 20726  6677 21823  7388 25768 21387  3452 32653 28318  8915 20075 19886 31156 10342 13168 32415   793   714 24269 29232 22448 18020 25120 18194 24758 10126  4141 30092  9126  2793  7134   623 31065 28660 10376 24140 16498 27102 12144 17636  3833  6809 24206 12512 10054 25648 21649 14275 13345 17498 24099 25116  4135  3663  6253 21504  7280 30426  7390 22967 27246  9904  6696 11446 15640 18176 32396  1229  9544 
15435  5976 18850 15714   886 18862 30814 18487 25886 18566  4518 14121 29483 27638  9165 23439  1192  3506 17736 18267  9170  3791  4962  8442  8814 27340  2353 28283 18528 31698 17096  7156 20602 21563   174 16673 10130 20818 32655 27215  8663 19289 30770 26744  6757  1745 23467 27824 12566 19189  8146 29375  6811 16776 12275 16144 14028   976 21959 29642 24893 30947 11939   316 12306 26913   240 30078  5396 27394  1499 28501  5380  3346 31565 14424  2351 24889  4638 19025  8002 19776  3206 17382  2912 17553  8404  4217  8306 20286 29794 18252 17086   581 17096  1513 26812 19731  1360 18881 
 7716 16454 11946  3347 15692 12727 20193 11023 21169 25016 13198 20284 24275  1434 22604 29719 27207 23411 15211 13565  8199 11037 27369 30538 25100 22658 23965 11971  3103 27415 27830 16689 22764 11943   356 19791  7512 20818 19157 22758 19988  8917  4195 10807   882 22796 29708 20633 28536 32181 14626  8291 31284 26998 25411  9740 30798 28706 16780 21649 12260  8760 14858 29463  8081 18348 26993  3538 15311 30698 27409 28197  5760 29465 23813 24075  9415  8348 29870 15029  5916 22239 14176  6773 30624 20560 11098  2522   685 29099  5372  9245 28082 17787  5172  2747  4158 20702 13882   100 
 9050  9608 20349 11028  2844 21770 12765 16768 24185 10580  4890 10163  8539 18041 14220 16121 25843  6579 13589 27900 16977 14759 25173  7725 25394  7146 17948 18277  3353 17347  6949 10956 25249 20019 15361 25595 20241 32562  2897 32605 20529 13372 11320  8411  4700 24588  7952 32184  4823 29608  5724 11705 15457 22685  6142  6026 12811 24716 16043 31837 15434 19941 12187 26324  3147 23027  6277   289 18822 23577 18890  5740  7574 30299 16625 17268 12872 27423 14163  6778 22002    53  2327 15963 14854  4886  2145 14588 32742 17001  4295  4330  2042 20684 28421 25154 14081  9424 28913 32463 
 9636  2629 12721 22899 28241  6329 30251 16584  3398 25403 11709 11526  1772 21861 27438  9512 18535 24985 27109 32586 30315 25738 29529    86  7761 25086 14537  7903 32106 32467 29997 27981 21139 23616 27500 28475 28169 14430  5327 24093 29567 30695  5046  8486   622 32061 16010 31849 14509 28846 22258 15166 17217 24054 16714 23015 29046 19205 20561 29299 32303 11267 31009 28899   890 22674   869 21132 19559 26195  2502 29884 31003  3243 24230 13984 10528 30151 10513 29285  8191  8413 19952  4510  6161 14773 31104 16614 14226  2409 23811  1734 23543 25705 29878 16857 12161 14785 27138 21037 
15635 10143 26102 29165 30273 14607 26613   317 24489 12554 29868 18790 22406  1711 12615 31539 10882 30416 16101 27803 27340 20144 27209 22943 15723 21515   978 11382  4562 28247 29613  4328 30644 30026 24137 22264  1817 18588 27915 26821  3762  5390  3908 22450 31849 27307 18272 17605 13373  2126 22624 10317 18765   100 26506 15560 19762  6899 26206  4355 10642  6364 22733  1411 14322 15453 19366 14628  3020 15065  3921 10496  8930 31708  2751  1938 28625 18778 15009  3868 29417 21815 12504 21317 21820 14348 10285 22023 14837 19753    67 25544 14828  4054 13769 31431 15735 24031 10996 16826 
10370 17231 21549 20918  3298 13179  7431 22350 22246 21314  6515 20223 10287 14484 22327 24780 21698 17201 25500  7973 13916 29363 22887 11533 18950 24015  2827  3964 19432 11992  7453 11778 17762 18820  9480 18094 16729 32243  8194 22830  6863 27885 22079 19767  6583   364 32356 22568 20999  9050 13630 26090 30990  1947  7604  2330  9480 16718 15610 13930 10992 30800 26376 20292  3733 26882 20299 16305 14576  4429  4506 13178 26805 12003 18283  9869  4392 29383 32071 21665  6962  3599  7291 19485 15540 31721  7441 10294 23067 11484  5118 13912  9781 30544 29085  2760 29763 29009  1116 18567 
28751  6032  5046  8313 12735 26026 10081 19398 23595 17325 20168  1409 17004 27865 31931 18312 16373 13219 19301 20139 15463 18176 15487 10768  3423 23775 18884 22997 10898 26103 22949 16632 26653 11972 27709 28276 11030  4556  5255   429 19559  7975  4559 11790  7644 23870  7526  8689 17786  1747 16538 21695 25363 27202 18149    88 13335 19974  8293 18869 10669 32382 18572 23756  9474 26865  1305 32691 19937 26577  4423 24841 14213  9276  2372  9618 18347 12488 10724 31009  5099 16768 14487  9915 10567  9514 10137 31737 29189 25548 19048 31662 11706  9838 11899  9162 12200 19488 27697 19070 
22345 20543  1032 22177 30508 26101  7183 22355  7680 27903 12702 16096 30191  9139  4932 17639 11821 14913 14081 13243  8912 11065 16565  9481 14050 32077 19673 29115  5300 21081 21357 22813 18550 26528 14129  9022 26885 27480 21784 17050 17156 19306 10234 14581 14894 24947 21641 17290 21738  8206 12678  4709  9760  9557  8245  3854  2380 22181 18702 30311 25809 27042  4277 18903 26255 32379 22828 23464 28343 12144 25416 31406  7390 14737 25697   298 13137  8904  9294 19181 17577   281 14224 22209 24479 18217 10702  5892 11553 14845 11394 13718 13477 29701  7665 20214 15037  6489 31840 26791 
28139  8514  6533  9945 21943 22780  8764  1349 14336   954 20091  5977 26768 15339 19848  5013 14067 31164 17001 11829 28296 25310 25757  1808  7384 18313  6409 11968  4647 28865  5941  1795 20553  9176 28344   609 23479 32564   241  1807  8930  5202 17144 30996 28615 25355 23508 12202  6084  6678 29423 23015 23978 16591 17095  5788 14867 11830 17381 17278 32246 28987  1043 18307   888  3641 32202 23695 24837 13760  1002  7248 21152 22679  5549 21606 19831 15617 11998 26056 29115 31040 26694 13155 20142 30552 31848 25604 11518 26133  1134 31607 21329 15183   354  3825 31009 11117  1441  6315 
23498 14888  4749 11984 10721 18578 32387  8601 14536 17494 30477 17590 14463 23617 29528 26609 22973 24065 10984 17166  6720  8493 25738 22773 11105  9094 12682  5651  9963 14973 26919 11773  1581 32245 30788 31830  3918 20553 22880 27892 11489 10129 18632 12094 25529 31777  2315 14552 23295    83 19375 23427 10881  1415  4642 29246 25421 12903  6899 27057  1663 28272 12098 10188 24151  9902 25718  5804 28047 20422  9774 22206 26859 18746  7289 23590 28433  1513 16969 31586 29339  7637 16421 10538  2667 11561 24351 29083  7230  9339 10246 27285  5508 28238   732  9570  9840  3547 27274 25496 
13131  6929  2259  4928 28685 16346 20103 22071 23086  6816 23545  6357  1210 10768 19890 31693 27300  9757 16743  5460 15196 27208 10025 19846 21923 21791 13020 23045 25759 16644   490  7395 21290 31280 18745 27330  2416 22008  8026 31801 10425 20302 14083  3706 14723 19594  7615 30514 32724 29291 21220 12209 27086 10328 19141  6987 19588 12780 12842  3326 25356   434  1533 20565 17366 10541 21318 14731 16443  2588 13146   244 25177 11515 22606 28057 32031 24781 15794  4898   676  2073 20860  9978  5309 14131 10563 12461   974  1980  6062  6549 12256 17772 13867 24501 32756 22543 14052 28645 
25495  3790  4847 27440  4791 12464 26820 23418 32693 30305  7925  7013 12219 20785  7961 30070 27984  9055 15625 15988  2346 19864  7760 28433  7491 13755 13788   205  1583 10975 10234  4630  1708 19095 10881  5556 18811 19317 13644  4452 13678 20684  5870 12227 18371 11194 16802 10606 26800 11622 25729 18792 28223 28295  9464  4284 16732 12326  3192 15715 22828 14756 32367 14439   161 22526 19064 12105  6732 25168 11982 23713 22130 26520 24327 17412  3937 27069 25343 25898 16388 18896 25106 10832 18614 18833 11918  5596 30292 17973  9575 29504 32662  4198 13869  3872 27807  1420 10044 15031 
 7378 20043 27187  7799 24296 26188  5287  8175 20287 20801 20760 24306 28789  8483 23587  3574 12854 12734 25082 10682 23122 15728 20498 21548  1043 12078 28443 22153 10701 21959 22837  3782 27830 23661  8289 19503  3832 11377 14645 24398 21509  7246 32213 24846 15147  4073 23838 29984 18536 28183  2596  2974 20351  3936 16351 26094 30027  2563 27937 25322 23380 32569 23755 22077 10656 19902 11841 28432 27340 19854 12827 29159 28251 30956 32542 18885  9549  9897 21354 13463 11507 14755  5620  3791 31747 27020  3127   592 26088  2285  6183  7306 26715 27754  4711  4070 30519 22343  5307  9316 
14985  4395 18624  7042 29415  2340  3803  2913 30724 10732  4463 29987  1409 17259  6227  6807 18949 11644 12419 22296 27791  2036 31765 32690 31755 15329 15983  3719 32036  8719 30904  7537  2650 29393 10892 29673 14932 25341  2804 11304 16503  4665 19861 13195 31671 11893 18471 10812 26541 28857  3113 26127  9194 22305 18643  7338  1420 16422  2381 30953 26383 19230  8990  8065 10853  8710 26855 26339  8520  4224 30033 18019 20431  3096  8772 16537 15679  4555    90 19719 18212 31946 25235  1277 10913 14971 21066  6074 14341 32705 32615 18900 25758 25469   215   986 11986   597 31033 13367 
 2155  4020 29658  2137 15155 30737  3556 16659 31681 30837 16338  9792  7826 20279 23335 23978  9052 27146  4192 10538  2718 13627  4391 20496 10620 28723  8905 14276 28618 11075 13546 28590 21607 21153 20600 13396 23500 27309 29405 11714 27876 24953 10617 27951 26655  6537   335 28125 13506  4567  7934  7489 14465 20250  4852 11876 27983 27208 15838 15497  2421 26714 22882   272 28129 16207 30993  8346 20161 11379  6039 21358 19025 16353  1077 27932 25073 16711 17522  1888  2427 20969 15885 21576 16595 28649 15669 23449 27584 16069 11004 10096 23546 14625  2058  9253 16772 12231 32654 14196 
30011 14828  9851 21215 20912 31413 15088  1358  3635 24569 30711 20473 20528 15945 20851 17031 26303 28205 11348  8823 25718 20145 26381  8640  2945 20768 17992 26804 16373 29200  6616 30506 29794 17310 11759  8412 17576 27899 23697 10510 13067 17192 21320 16753 15241 24317 24858 28742 12650 21616 24760  8646  6938 28436  4856 26818    52  6112 32133 12935 24031 18482  8661 29188 13661 11795  8284  1583 26849 26045  7168 24484 23201 27739 29132 10639   557 12303  6376 31181 27647 24889 16073 19534 22355 26871 29605 19902 26169 10472 31530 14692  5096 26678  5487 20042 25941  4563 21547  8094 
 2052 10242 20517 17496 21278  4378 21227 10781 24261  8582 18631  3939  9636  1809  3823 26839 25802 31073 29180 13819 11704 21440 28829  2324 24248 31779  5773 17987 30065 15204   962 24050 28601 27347 29672  1649 11946  6893 23053 14561  4088  5995 25758 30034 12673 27775 32146  4648  4902 20826  6885  6851  2778  7153 29512   351 16120  8705 27415 10296  6874 11088 19851  1522 29095 22839  9777 26937 17260 10077 20122  8101 22639 27077  1108   992  9920 27659  6938 14090 13840  5610  8008  2396 30150 14594 31890 22028 14672 27608 31988 22129 20151  5663 13292 12392 25463  4662 10728 17398 
11149  2033 23546 31791 32465 25756 25555 10070 24710  5181 23535  6725  9520 24602 21517  8975 10917  5755 27106  3813 22119 24497 23054 18230 20017 25687  7503 18970  7888 10456 26101   497 17716 16946  4502 16455 19911 18425 25346 24572 32254 10142  6265 21153 15405 15601 12828  7460 10655 21477 31906  1968  8934 30611 13388  1231  6768 12930 21531  5074   347  9254 25920  8818 12938  4006 25300 12727  5113 18403  1481 16921 25165  7349  3361 19174 23216 11639 22109 16611 14043 17607 23097 28726 12148  8583 24982 11651 30875 20775  1720  8790 27840 32551 22193 14529 22967 24023 10013 27206 
 9230  3170 29712 30198 13470  7690 23117 16859 25696  9909   441 27540 23170 28841  3087 19519  4282 16276 23508 29596 29147 17615 18318 24174 18086 10467  3377 27685 25826 20045  6618 22459 21679 12670 31167 14300 24599  2598  1126 19017 16614  4530  6422  3710 24763  4883 32652 29587 24416 10178 16622  7520 21335 17921  3333  1252 30901  1123 32678 30696 16948 13966 23153 15327   131 18240  1727 22545  5088 29584 29653 19192 23529 19319  9566 12010 22959  7054  1560  4601 14349  9241 21197  1304 11832 16709 12677  9855 28822 26798 18682 11088  9172  8228 27724 11386  1587 20911 12022 15069 
17186  8400 29953 32432  9490  9482 21367 26144  6534 11681 21787 10042 15209 29346 30551  6411 22437 22307 29558 10246  8177  8396 10259 27046 32746 18583 14033  4948 18534 18643 10829 22666  9477  3183 14417 29753  4105 25461 29771 24936 14439  8405  1533  1822  3613 17764 14453 23427 26823 23588 30016 16962 31853 27590 32731 10801  4256  8557  1386 11828 11717  6325 21676 15711 13488 25844 21039  3674  5237 16320 31936 25098  4730   177  5670 22893 22737 16999 17424 25286 16069 22735 15691   507 32691 31907 22328 30779 21532 20528  1918  3811  8439  8540 11772  2467 12620  3303 15106   989 
11774 26353  1472 15693 18409  3261 26366  6639 18476   948 27662 22813 31432  2477 13823 18424 10091 31339 22804 29450  3206 11879 20596  6954  4261 14032 23075 29087  7680  6865 20273 24456 23629 31250 19506 23675 15577 14465 15854  6252  3287  5970  9817 31952   504 24388 11717 18691 30012    39 21590 19943 16391 18843 22454  3279 28535  8474  8459 15771 16885 22841 20262    36  8970  3626 12541 15578  6516 11142 17500 30891 23418 32585  3287  8231 32124 32287 22275  3554 28366  7390 15334 20506 14535 25427 30891 29082 13332  7233 28314 18910 10322 18087 24392  6264  2525 11330 14603 28595 
18914 16723  1969 12917 27836 12706 23922 10602 23165 16067 18466 29534  7626 21400  9900 21739  1261 28951 29371 11093 22821 22605 21178  1714  8256  5539  2047 12110  7276 20833  3395  6733 32331  2416 31062  4498 32069  6244 31248  4832 18978 11706 31627 10815  4056  7005 20367 19362 30369  7279 26958 28614 23889 31047   338 30813 15591 11446 13747  8044 27234 28303 31373 30194 10966 18278 28337 13770 19902  4503 26779 27346 16788  2955 20389 14157 22175 24374  5498 14214  9229 17124 25548 18615 17217  5942 21066 14120 21870  9831 14540  6043  1893 26836 29137 20456  1963 29372  8492  4837 
 8911 28484 21242 21384 31226 19646  1751 29520  1992 32298 31570 12256 26454 30205 19870  5102  4509 15906 16778 28507  1278 20799 17842  6819  2845  6457  2039  2424  4339 14074 11822 28842 17695 30578  1813   842 28797  6619 18315  2831 15610 19266 10240 24568 24231 31555 30250   819 21260 28180 28409 24894 10942 12229 29902 32588  4404 19653 30184  6122  1750 29609  5918 27362   343 25641 30420 17504 26181 20331  7208 32595  5086  3461 26220  1814 27686 19517  4313  7248  5686  6930  7809 24857 27095 30849 17030 28766 14671 17537  6282  1158 28027 15440 16742 29013 10270 25457 14367 29969 
24697 32246 29462  9444 11804 32763  9598 30850 13819  5747 13587 14603 28100 11559 14345 22323 10608  5627  3907 27808 10009 13683 28870 27796  3339 22647 30317 18379  3613  5971  1246  1959 10306 27138  7868  9354 12635 20908 30751  7043  9807 15213 24129  1838 28766    88 18298 16341  5298  9916  8046 18139   567 18597  9093   347 29101 17318 25499  1548  3068  5590 15097   616 19143  3097 21892 31501 18243  9633  5429 27491 27466 20660 27593  2175 14507 25775 31930 11079  6853 32075  7021  9687 30292  6943 31149  2084 27530 11622  6744  6111 32354 26883 23640 32669  6449  4290 12757 31028 
 7549  4833 22441 30568 30483  8143  8469  4807 25940  7731 11186 15825 28368  8240  4010  1116 13078 15847 24615 23095  3785 31038  4108 15630 17911  3808  3812 11661 10407 22662 12823 17352 26033  9332 15972 25307 32723  9798  9611 20429  6400 25836 19530 12219  2043 18932 27787 12594 27685 13831 26588 25820 13204 16055  7711  2399 18276 31096  7299 20098 21074 30699 14515 21394 21894 22883 27725 25860 32689  5538  1173 15707 31320 25827 31339 19788  8560 26910  1658 20256 22826 31879 17843 10587 30224 18775   506 25755 27473  3792 29470 14530 13145 14203  3087 30039  9893  9397 10315 18730 
13526 21353 11674 11575 13316 15903 30203 30413 14932  8246  5598 21744 13773 32365 21139 15611 13927  6313 23811  2698  7781 10482  9374 22166 11493  5054 22164 18914  5814 28018 23880 28310  8553 31014 29698 17706 29867  1192  8931  8326  5586 17860 14111  3432 16821  7363  2918 18693  6337 24626 13475  2803 20809  5605 26345  9798 25630 15675  9898 17914 26464  3746  6699 18577  2963 21598  3892 32508 28405 16519  2316 21183 15119 25681 27301  5969 16523 11409  4371  2753  1349  1916 29250 18847 30885  6065  5097 14874 16939  6266 28346 12902 24139 22350  4572 24161 32124 26267  6810 10357 
22924 28099 21597 10688 30006 14948  5335 25970 31222 30429 10370 21367 10268 10766 25417 32343  3360 25695 10628 14426 29749 15875  1322 11247 17696  2686  6978 19278 17739 25956  5531 25437 28437 31844 21693 21968 21357 14982 32287 16021 14751 14513 15003  2159 29037  6000 14622 13537  2914  9717 18852 23373 27491 31327  9316  9053 27015 24376 12615 16034 29993 14914 25503  9595 28219 20595 32278  6969 10460  2878 21220 15744 20269  8980 21574  8944  5473 21291  2347 19717 29716 31358 14896 28988 23774 19989 27342 23928  7463   134 29394 31651 25405   700 19470 14488  6563 16887 26703 21057 
 3245  1812  9103 20732  3657 23311  9835 12356  3104  5318 19671 31373 19422 29695 25872 23663 16845 28077 23250 29447 13737  3439  8908 22939 10672  4186 31313 14972 14328  7416 20304 26417 23045 15504 25734 15313 20123 31144  1522 20913  4561 18377 24969 17727  7015  6274 22572  4910 22361 16815 23255 20692  3252  6396 10267 17360  9897 26788 32206  7407  5088  8575  4865 23121 12303 28219 28210  5319 27594  3049 27587 15488  9885  3004  2219  2277 28504 25102 17772  8129  7850 26276 13637 14245 32753 10803  3496 14731 31825 17699 18926  9657 31747   914 14154 16360 29168  4764 31995 18086 
17791  4826 29894 14841  3755 13352 26532 30021 22616 16044   696  8303 23783 11540  6275 15427 28936 15390   603 19987  4303  4958 13849 28321 17163 27452 25619 16448 18131 21564 12618  4149 16225   898 25060 10083 21028 18581  2012  3624 27408  4195  2552 18306  6969  6533  5883 18294 17824 15813 22812 10418  3660 29917 32184 25969 16285 29826 25924  6047  6622  4513  3973  1085 16665 18153  6147 30216 15663  1161 22203 11093 16423 11579 30996 23360  9927 25729 10004  5637 26465  4654  2260  1198 25328 16169 16433 19439 19556 12142 10949  5710  6713 23893    22  2438 13902 14871  8204 11054 
24565 22414  9641 30870 29766 24380  4596 13810  4282 31375  9014 14522 17397  4195 11369 12624 16610 31689   238 14308 18437  8199 18558  8341 15117 32224 20323 23256  3753 11797  9960 24606  3741 25899 10766 30129 10261 25711 14976 17887 11833 31800 18889  5211 19713   876   709  4576  7755 26693 10069  4887  5419 15957 30295 11963 13186 28104 11734  1787 15826 26602 32125 16928 24912  1257 32082 30319    59 28379 31905  3409  6253 15874 15669 25009 30768 10831 28366  7590 13650 30246 32464  6994  6780 30305  4153 19722 32447 23447 12245 28854 15216  8350  6325  4731 13366 16974  7389  8856 
 9569  9352  1597  8846 11389 18551   995 11652 16167 14358 30574 24553  1056 19187 14022 25179 17056 10290  5642  7112 23533 10708 19914 20179   811  1338  4471  9849 10102 23780 27159 30196 17454  8063 10557 12255  2962 22559  2105 22684  8081 21449 18316 30707 19676 16436 25247 19963 31808 10192 11188 20286 20019 28424 25628 11288  5293 14020  9386 26464  7993 18483 10857 16458  3403 28103 23434 29580  6868 23937  6304  6080  6932  6254 11792  6410  5551 25458 31170  6138 14852 15684  6429 12212  7354 30138 13107 26446 29595 19015 13112 21113 17318 11202  1849  9572 13663  4456 14090 16349 
  874 32037 26497 29626 14168  5391  7649  2679 10433 30259 22425 20000 29331  9365 18991  6513 21161 15474 24439 13117 10144 18632 16904 30988   230 25369  3568  7432 29971   107 31143 31514 12925  3987  2882 18768 32262 19635 11753 10114  5177 28162 15243 21045  8342  3531 20176 31935 16169 30137 29008  5804 15458 12113 31234    97  1824 32192 12279 29439  2319  9431  1352  8074 22836  8532 32333 18763 31942 13923  6415 24434 10816 29796 18688 23040 17076  7407 23274 24036 30050  2069 21798 27748 16777 28393 10254  8639 19069 16192 17076 18193 12794 23732 24533 15222 27832 29423  7944 30834 
17727 15654 15931 13713   253 26339  1888 28490 23446 27144 18020 21801 19579  3601 23393 25390 19134 27801 15636 10864   805  7967 32657  3333 13437 31243 13109 28966  9776 30956 12253 12175 27930 16388  8277 16677 29337 22278 25108 28635 29155   286  3366  3798 24477 22066 14441 32208 28585   360 19964 31674 11583 18664  1013  3237 22847 17123 19794 30434   709 23508 22323  7016  3582  4613 26182 11639  7483  2645 10370  3451  4164 25146 20248 19251  3567 25346  1190  4882 19441 31326  5038  2790  2291  7200 20808 25015 27881 28996  8211  5874 17311 30765  8049 15559 17812 31282 23284 14799 
25356 31321  3603 19954 17761   354 20514 24200 31386 27400 15489 19902 32574  6275 27411 24891  6763 11345 19697 31748 16418 13110 16736 12189 28133 24194 30465 26738 13700 13202 27976 14709 27188 21657 10799  2823  9185 18081 30764 12572  3269 22732 16480 11418 11578  4320 21777  7171 10700 16642 16474  8020 10131 10946 27425 13101 19136 21336 12362 18225   885 27949 12330  5040  7386 31390 30783 29316 17005  3580 21278 16184 28569 19159 21676   624 32139  3196 30353 27780 17217 21948 22762 25455 31715 28143 31550 10216 26455 20281   436 21966 22800 18956 23171 17353 10534   494 22441  1583 
15276 10109  4320  6436  4670  5040  8654 30214  7129 10335  6268  6152 14063  6662 10249 13340  6587  1734 29600 10263  5331 32428  1447 25871 25596 24886 18233 22792   321 13331  3031  7120 11847 22315  1370 25384 10203 14815 13356   548 14285 30098 10168 30677  6401 29032  8991 20773 25027 29517 31277 25089 26715 16954 14987  6590 21985 15795 30006 30389 23379  3733 15407 23857 15589 21774 10357 21900 10136 30701 31792 30100  1294 31004 13615 31027 16797 29546  9108 20048 14498  9614 22734  6128 15128 11881   712 27809 25705 24204  1888 21528 12675 17146 29723 18457  3631 19759  5655 15511 
19614 15457 20033 29469 15173 11269 30151  7532 19692 27541 26321  4966  1793   913 32108  8234 10801  3012  9414 10881 18746 14024 17569 15481 16890 14028  8962 11855 19660 24469  3625 30866  5653 10691 25286 29062  5658 31574 17002 31175  6933 22896  3644 23598 14727 26460 31213 25848  5839 22224 19182 29733 16892 11631  6112  3871  3808   914  7244 13724 10085  8264 29844 32197 18213  5788 22057 15256 21812 18454  6143 14219 20544 28804  7998 14450 16605  7929  1083 25762  9754 16407   934 15959  4184  7562  4101 16211 24156 30421  5984 22472 20642  5969 20798 21624 26356  3442 10449 28699 
15420 26445  5998  5121 21655  6231   832  3064  4522 27760 30268 12656 16697 11296 16727 20957 31221 22048 24567 21597 14998  4636 12200 25243 32554 16567 20497  6387 16557 19664 16166   471  4825  8707  1439 24689 21567 27763  1960  3721  9367  1479 19930 29098  5461 13171 23146 19328 18557  6713 24224 27013 29111  2799 25739 30685 28070  3202 16628 31613 25462 18235 24976 14227  9396 13633 19321   546 16227 15456 24031 19437 30284  5384 11515 24471  5013  8857  2373  7176 18837  8413  1767 11795  5607 19158  6513  3413 23229 24251  6094 16480  8823  9021 15479 11289 16757 21006 30182 29278 
18985  2980  6990  9196  1904 14395 22921 18816 28962 31257 27730  2109 20199  5397 30644 25934 32077 28506  5570 27852  2328  3945 27785 16354  5338 15197 24643 20015 15555  7539 13774 15979 27833  4553 14684 19022 23723   358 15723  4525 10019 28283  1528 10471 11803  5608 29679 26239 16914 18946  1255 13322 16223 27284 31500 26188  5572  7716 16732 24734 28230 12407 24599  1938 25404 14935  5488 18138 32423 30355 26249 11878 29377 26696 15518 27341 16601 13919 25217  7406 16989 24663 30278 21719 18489 12356  9023 13286 17503  3608 14379 31277 12711  6178 28074   795 11738  9428 28916 30041 
31241  4553  1739 10739 21796  1031 23214  3768 25800 32129 20048  2019  8279 27616 23880  5371 29262  5250 26890 15607   979   451   278  1446 26254 21884 31599 31310  4282  9418 29007  1428 24444 16657 29721  8859  4979  4672  3727 10608 31632 26198 26181 15014 16936 23077  4437  3645  4167 16213 29781 10697 31560  9133 15494 16847 28834 23950 19022 19059  5125 16832  8169 31568 17318 26226 10331 19112 14039  6011 27305  9149 27354 24550 32072 23678 20983 19630 19926 11878 30924 19654  4360 13986  5605 21084 28388 16754 14220  6495 16176 25809   994 14143 27178 11864 16175 22516 16761 26720 
 3191 19521 25956 14951  7246 19770  2626 10421 15852  6404 12849 14142  1668 19676 12043 13259   722  8282   150 27477  9972 26103 25339 20145 28794 29902  8570 19059 28352 24479   347 22028  9596  7449 22824 32309 32147  1369 10265 28305 14385 18606 16848 16013  6168 17311 25158  1420 13624 21551 15878 31297 11904  5215 25241  8539 11765  7669 31553 20328 29441 15228 19946   499 22285 10892  1117 21488    82 21323  5559  4443 14059  6452 25625 11803  4143 10519 25250  9260 25663 26721 22426 31997 16859 27038  3824  2583 21626  2620  4327  4352 28825  7570 12556 28255 14931 18721  2411 29792 
 6706 30233 13826  2138 29765 31775 25718 17328 21874 26957  3077  7157  2830  2938 25020 22099 22699  7868 23786 18989 16433 17708 24532 14083  4145 11241 22698 12694 11381   352 28346 27725 17628  8394  4068 24280 28261  5877 29262  4371 21129 25672 24153  3373 26830  8194 21715 15625 28313 24770 25966 14052  4419  3660 18800 15673 32368   138  5805 30177 20124  4049  7858  7295 32247 31334 20036 13339 26483 17217  8457 31757 30235 28176 32132 11293   166 15487  3399 15336   844 20663 25955 14726 11224 22820  4900 29545 27647 10620 24827 31112  1520 25853 26556 14781 18220  7670 16393 15212 
26008  3720 26638 15974 13008 20142 12656 16653  6591 11131 19327 12728  6765   931 15795 20313 14359 19773 26198 32093  3461 10439 20862  3795 31640  9579 31806 19665  9763  6784 22557 15379 13051 14932  8903 26086 32594 16937 26115 10308 16192 27517 13285 20801 15267   655 29509  2470  8745 17950 20592 21211  7083 29812  9756  7178  7357 10659 29346 12929  9347 29455 11623  4440 24006 15404  4251 21588 22086 30857 11047 21004 16466 12046 20192  8522 29335 19074 12033  3508  6710 21327 17112 16300 21273 30346 16575  7028  6790 32302 17742  7062 20468  7848 31439 10883 14366 15769 21746 16250 
13911  5591 13507 17067 12317 23733  2264 31901 20208 19588 15823  5325  5221 14425  4856 25496 29814  3345 10062  7002 27164 25491 21164  3288 14880  2133  7997  2779 22573  7202 30517 12574  8747 12826 23230  4714 26056  3834 12853  4608 25687 28061  4247 27703 18654 27843 31286 12902 17514  2578   945 15876 17574 20058 23842 24334 30892  3869  7577 18857  6171 26959 25290  1801  8298 22874  6402 28049 31868  5221 32608 25660 19060  1750 15425 30011 13258  7189  5628 29664  2975 13203  9168 14778 10061 26380  2842 16130  9539  1545  7371  4661  5648 27304 26394 29443 15293  2975  3958  5224 
21344 28543  2239 18969  7406 25910 31157  9505  5457  9688 26545 17356  5818 17311 31123 22724 21305  2608 26363 11642 23947 13343 26556  9159 13363  6582 14221 31444   716 15602   514 23351  3485 22223 19131 28254 31598 18885  9692  1329 29082  7571 21692  4595 13926 26683  6882 31081 19857 18510 24365 32575 17196 21609 27986 20903  6316  9216 27532 30787  2110 21850 22670 10821  4698 13533  9661 20437  2459 27020 16796 12979  4302 19150  9863  8733 16201 17265 16805  3571 24446 26094 17944 23833 31695  5615 16502   797 11684 27406 32381  6425 25275 12512  7938 32219  3264 10290 24107 16708 
28446 28050 29150 24302 32532 10514  2681  3089  2571 27464 19396  7336  5671 23449 21028 17359 12572  7096  6161 13168  8515  1129 20425 24350 11501  8075  1350 26177 27639   853  7278 26996 22430 29408 32651 20267  3221 26597  4602 15257 29525 27081 15143 16337 17077 21974  7609  1067  4282 31948 20233 29161 26032 14744  8921  8218  1401 25955 24387  1983 25382 19662 27887 17197 29380  2684 22409 23730 19832 27346 12914 28795 23503 15610 13750  9653 31311 13614 10047 17139 19538 17459 25672 25040 12564  2083  7956  1493  3850 14960  9439  6813 26997 16166 16405  7478 29752 14704  2754 29899 
 6630 18782 17737 16000 10272 22245  1370  4254  5662  3624 20766 30960  6539 28917 31412 14957 32150  8595 20449  3606 28742 19131 29187 27426 14861 18660 27207  6745  5025 30916 19996  6334  3591 20243  2024  3440 16624  7570  6137 22226 13129 10572 25022 29418 12814 30235 22839 18183  2399 27503  9386  2727 21461 13899  1688 22935 21526  3216  9199 12636  3239 13694 31361 24018  2562 31608  7093  6419  4841 27399 32636 25242 13049   802   903 20905 21378 15021 27320 26343 22166 32575 28886  8526 26720  4392 18052 23108 31415 24755  2420 11528  7923 20648  3288 27984 12800   533  1561 28977 
 3761  3406 29132 12862 14934 19507 17634  2548 16272  6577 15902  3414 11108 10892 27597 19412 24719 25435 14769 30065 13593 20436  6974 11301  3629  8009  9737  1152 28200 19059 12413 31121 10480 18031 18639 22534 12935 26886  6197 25748 15328 25137  1619 16794  4593 28380 12534 22529 29449 10475  3077 18278 20068  6267 15797  8571  8701 27242  2811 29866 27299 28697 26695 27132 23119 19568   623 31290 18613 29219 21481 32338  4633 22324  6718  7931 22628   442 16315 26524 23159 20960  3434   106 21951 11568 14657 21457  9737 28434  9368  8982  6040 17039 24289 20026  8053 18779 16531 21281 
28167 13331 12903 18420  4067 12227 29895 21699  4325 19627 31619 28783 21888 16963 12743 25799  7762 13436 14922 24049 27132 24137 32711  2316 10544 17758 10673  1555 30988 23351 18723 12548 22438 12125 21014  1602  1768  5861 13526  9784  4510 27961 11191 15424  9933 21019  4355 19651 16198  2278 20792 11937 16764 23831 19824 13267  6035 12301 16929 17743 27577  5133  1542 30251 32441  6281 13661 20998 19661 11170  7507 27300 29876 13547 31677 26840  5381 19824 26376  9383  5059 14583 29299  2218  1073  1157 25211 17588  7912 28196  1431  5045    38 31204  1318  6366  8297 22560 17062  6150 
15165   258  5414  3405  6226 10569 31486 26623 27345 29770  5053 27835 15088  1845 30307   724  3525 24986 14289 28919 16215  7980 13693 19726 17147  1732 30826  9061 15838  2729 17496  6411 12254  7694 10040  3452  7838   988  7394 32636 30425 31410  6922 14662  6134 27178  6512  2022 15837 30047 27224   484 15626  5804 30522  8482 17631 10422 13754 13319  7231   172 26842 27101  3160 32205   623 32376 28096 12843 14546 18713  3012  2223  9431 12946 20989  3166 31747 22186 30756 13530 15097 21698  8230 23596 21558  5049  6779 16832 14078 32014 17588 16049 17046 29508 13908  3912 31156  1931 
12257 21951  2612 12956    59 14922 32012  5349 21548 19544  8834   486  9279  2325  3741 23259 13526 11060 14809 31899 23671 10221  6686 17600  1127 32065 18419 29192  6010 13701  1008 25595 21289 17438 12401 32206 12005  8074  5010 12424 19883 15520 30039 28771 11737 20248 28202  6517  2880 29517 31115  1935 10106  9538  8451 25958 27773 10467 21337 30448  7537 18318 15369 25361  2495  1746 12018 16503 30315 15479 31823 27075 12707  9150 16616 23785  1176 22505  1674 10713 30604 22526 18612 13407  7212 30665 12691 19783 21025 25120  9008 26310 14818  4203 24809 26645 18892 23395 27934 25695 
14708  2329 28460 14557 14140 31802 13727 22080  7204 26770 10403 14671  4579 12496 16572 22225 24375 20873 21943 32429 20089 32127 23009 31312 25204 20258 21878 27215 19831 13143 13916 10061 24233 29049 18449 10784 22941 29853 26595 16175 27686 14875 18783  2334 13933  2378 24331  5806  6464 22666 15192  4062 16045   904 32210 15959  4304 14013  8346 29958  4841 13368 14870  6923 20657 21918  1767 24018 22511 28527 20507 20095 28742 31114   420 28304  1361  8436  1289 28605 30450  9941 13404 11043 17382 12483 31084  5026 17053 28227 27963 10116 23625 14221  2995  9567 32310  2448 20372  2108 
13657   822 19121  3832 10283 18409  3676 21227 25272 27478 30751 12744 10482 19057 13997  3780 17228 30137  6935 12027 31108  4285  2627 13583 12224 19167  8859    18 23005 21848 27138 29094 14596 31356  6156 24418  6014 14911 20590 13176 30409  4089 25011   149 25579 17766 23601  3337 26118 30449  5436  6440 15149 11570 27289 25840 22390 12213 23093 14572 23120 29949 16919 30295 28183 21448 23700 29317 17894 22933 19650  8575 11693 27236 20271 21486 24707  3517 25298  3130  6461  3315 32321 12018  4415 18090  9509  4719 24978 23447 29163 12724 31287  6279 26557  1689  9147 16803  8369 20265 
16140  8946 11328 16968 14219  2591 12793 30617 23394  3453 11382  1694  3608 17480 20624  8481  2403 21550 29903 11475  8253 30733  3364  8244 14393 25599  3803  9906 27928 10900 20683 20501  4759  1886 15312 20250  2188 12979 24443  2910  5425  8878 16135  2686 14784 23927 27279 29821 13632 16580 14463 14182 10654 25248 13129  3634  5887 28524  3929 28395  8533 10531 15690  9234 21552 27618 27738  5439 22744 23463  4379   775 21144  8024 17516 14882 21852 19720  3752   461 10879 27511 29469 18798 22494 11479 20416 22903  7473 18134 25886  2956 23451  3032  6806 19944  7039 10628 21190 30205 
 9366 12419 25667  9818 23614 18820  2701 19410 24085 15236 25410 30171   711 10060 19345  3636 18724  7227 12786 13259 21878 27205 12308 15581 31505 21820   279  9311  1067  3406 10236 26269 11246  4304 23130  4385 32460 23354   850  2518  5395  1394 29380 20845 23489 15181  3267 17664 24473 10835  3399  8949 20086 19906 13346 22310  8928 15318 27958 21054 11741 22600 18660 28774 29449  4116 22728 13090  2793   640 17571 21109 32637 15194 11160 26956 22292 25217  9628 16666 16740  1191 31016   191  6874 22868 22832 17070 14895 10798 16217 22095 15420 16249 13927 12450 16911 30170 10484 20518 
21822 24928  2152  6137 26235  8644 24613 26176  6761 19440 10498 27081 22703  3263 28923 31471 20810 26884 11047 31678 27687 16077 15338   856 22257 27625  5483 22679  9512 15783 30792 32756 13939  3553 11401 24744 22327 12601 18131 17681 20328  6819 19934 14934 21407 22564 21545  4942  3181 19673 23021  4766 10224 19514  2895    34 10659 31392 11993 11663 27770  5893 22571 11862  2863  4619 13038 18123  8918  5696 31242 22150  9144 26017 28441 16905  9310 12381 26139  8100 27372 18651 14699 11158  8369 22781 14834 18293 25595 31911 28570  2256 11312 25979 15877  6930 13338 27623 16768 30889 
24195 12642 30770 16232 18690 14322  2969  9258   276  4850 20024 18873  3950  5394 16777 32494 19858  8095 14393 10265 14753 30469 26772 22434 15472 16530   831 23025  5597  3452  8741 14476 25444  5926  9139 30847 29933  4255 17992  6145 25576 12651  6119  3924  8348 23943  3632 22765 27068  3751 23182 17621 25148 25282 20145  6991 14690 29648 25919 21179  6432 23763 17094 23738 20129  4116 17142 20115 24866 25263 26125 26838  2819 29009 12946 16959 18718 16961 24390  6620 29783 18589 22872  5234  6516 11495 31448 26910   816 32448  1390 16696 10890 13298 13644 20348   355  6324    97 25196 
19272  5418 21967 30192 30861 27692 29088  2112 14235 22344  6324 13827 12426  9226 20734 25017  7923 13946 27121 27222 15871  5351 26932 13615 15044 24803 12189  3866  8402 24975 27229 10449 29960   793  9336 12952 29357 28546  3193 23328  7868  9381 16995 13738  9598 11125 16874 19311 13918 21638 15587 23616 20986  7631 31226  4714 15990  9646  2979 11740  5653 20268 29523 27276  9226 31619  1263  9750   907 31965  7813  2214 13608  9823  2106 13593  7771  7526  4227 17503 10080 20496 14488  4132 27462 13567  1318  4271 11847 14425 18244 21002  3669 31251 29097 17507  8693 16752 19996 27570 
31056 18884 10027 12956 13703 19582 14880 25751 10824 27749  1329  4944 15775 26146 17911 27466 31246 10751 15394 15303  1759 17134  1130 13803 31417 11981  8137 10015 15474  3048 31463 12980 26148 16320  2518 20168 24195 31499 19455  2158  7277 16123 19548 21257 18627 18371 29160 26361 12920    88 13396 29562 18663 25460  2300 10184  4202 28129  7193 22408 17704  1524 10808 15971  8238 31832  3563  9972 29378  2572 21950 30948  3059 28591 30316 29267  7285  6652 27987  4218  3244 28561 26406 27535 30983 11252 16098  2537 18575 27607 26883 28261  4544 20123  7927 26120 16791 20756 24275 22758 
14572 17804  4933  8770 21506  3338 30665 13302  4189 30164  3360  2326 17619 25394 12799 11216  8166  8821 13316 21142 24657  4408 27885 22656 31713 30950 16396  5355 10374 17276  3062 22119 31658 28048 25724  1232  5057 22931 10460 11962    34 26707 19000  1554 23317 31427 22086  4099 18989 16639  6730  3095 22744 31371 29249 22175 24884  3035  6239 19028 30500  3353  2236 25918  2468 13858 19787 13525 11865 19410 17931 19815 19308 29313 16769 20665  5017  2509 31077 18417  2179 30106 18332 21683 30539 30808 10086 32139  9056   645 22233  6539  5017  7026 11406  7989 13697 18249 30106 23195 
19186  3663 28607 20164 21989  2407 13284 18002 30344  6104  9411 22370 28561  8783 13794 24244 17618  3880  7876 13836 10254 19433 20064 10711 10252  4111 13010 29202 21993 15630 10577 12904 21682 32659 10849 17818  1843  5644  1609 22564 20489 24682 17864  5662  6143  7461   772 28768  3735 30593 20163 15593 22758 19217 30173 13954  8869 16505 15090  8094 17798 10103 22616  3205 31428 12837 24151  6321 19198 30072 16793  2936 12357 21261 11740 12268  7796 12325 28906 25600 26047  7662  4555  8940  9103 22276 26681  3794 13710 13879 18516 15777 25341  2703  5783 19770 12366 27789 22539   721 
 4335 30900  4794 31126 27492  4936  4711  9365  9112  6486 25980 10203  8053  8948  9796 19675 31154 15050 25690  5648 22252 11985 16994 13795  4345 24155  7158 27854 11385 10580 18403  4802 19629 25799 19094 20422  6541 30883  3281 18402 19476  2752 27299 15931 21727 23325 11926 29567 20726 13676 19754 17283 16618  7120 29826 17963 13856  3813 17502 30603 27244  5889 16969 11083 30177 29369 24084 20304  5864  3751  6786 16792 16528 10859 11845 15718 25381 20208 12585  9120  8964 31217 10640  8821 29101  8891  3614    66 15642 31796  4021  3511 10576  6172 16292   822  2099 20371 26139 19835 
  926  5339  7395  3458 11699  4704   587 20389 27504 15093  6246 15878 28035 12129  9331 21036 11104  7450  8861 18929  5264 31312  8677 25499 27724 17197  7260  9545   842  7260  8085 13201 17367 32456 22874 31591 17446 20646 23710 13120 21224  4021 12979 30584 12828 28868  3261  1521 29737  6262 10599 23806 12074 20802 17108 16767 31369 25277  6361 28749 27343 28188 27497 32472 32698 29684 31056 12046 14481 26437 22308 14975 17076 29111 12921 22719 30327 19747 21845  1292  5680 22101 32228 18225   911 15633 24172   938 24366 30035 22914  5897 18025 19931 20095 16537  9072 20457  2606  8256 
17306 19526 12231 19370 10237 14723 11809 16035 17467 18309  5411 10949  8094 19522 24444 27220  3176 28101  1171  6758 26980 11640 26305  8263  8641 14498 29119  7707 24352  8751 32090  6853  8684 27056 18542 24840 13290 29602  8209 23020 10513 22259  1807 26212 25243  9154 29079 31789 18524  1895 26931  2553 11347 29107 11517 26317  3199  8056  8721 20648  9971 11852 10302 15973  5165  7563  9985  2274 23460 24731 26291 12130 13984 26228  2561 15152 30030 14943 15261  1670 14868  8701 25651 27308 32546 23692 31903  6500  6730 26470 20573  9606 13073 27594 17472 32488 24326 14815 30055 25984 
22610 29942 17518  6093   657 21776  8417 16498 12768  8608 10486 26405 26679 18834 29051 26823 31994 15499  2573 15060 25290 26995  4491 32254 32673  1585 28362  9237 19230  1205   394 11562 10013 22844 24489 16372  9867 30159 29335  8563 13945  7949  2314 20434 23918 32299 12531 17554  1282  5177 28080  8677   424 29351  7811 20312 19660 23815 10563 18869  9502 14356 15697 10792  2349 27124 17102 10400 16439  4026 18955  7544 25919 11311  3905 18007 10337 13266 26243 21077 14947  6685  9200 31071  5772 17418 21549  8924  7865   982 22803 24464 15789   517 16036 15041   937 14246 23620  9881 
28988 24024  5670  1996 25693 30349 21252  9339 23479 21134 31251 31319  1092 14528  3382 16393 17693  4773 13169  5586 15761 16933 18337 10606 26996  1167 16235 20799 24505  1755 32371 25255 24388  3890 27086 18358  7673 24496 20409  6149  3609 13928 30603 14561  3534  3752 28136 18604 13572  1919 24888 22913 13691  4989  8791 16151   282 21946  7566 29672 10887 20505 24515 22930 13300 18126 31724 22653 16444 32030 25802  8894 23086 12134  3795  7739 17960 28255 28272 14864  4585 16288  9832 13106 22176 10085 31388  3154 24904 32654 23286 15621 13624 16363  6812 23585  7414  7094 10089 18794 
15693  6241 21917  6766 24223   403  5075 20141 24700 24173  6964  3837  2930 19473 28651 31789 13607 24933 17880 20713 27302    20  7561 23261  5367 14038 11622  3870 19442  6386 27435 15813 19284 12033 18844 10461 15891 25844 32372   639 21487  6488 25758  5691 21834 12761 20135  8634 10553 22789 23924  8354   475 18771 12080  4026  8938 18788 31369 27471 30351 15752 27164 27862 25723 29316 19501 19410  7987  1427 27292  1528 23467  3498  7956 29329 10007 27136 30598  9505 20222 22990 32470 25414  3984 16723 32212 12770 31801 16412 18541 15740 22134 31874 27427  8676 18152 18548 19642 21782 
11431   887  6196 14689 30424 24042   768  6857 15490 24975 17263  7081  1693 25415 19303 21661   108 16925  7003 11166   525  6022 16762  9839 10575 15591 22823 15417 29891 19032  7850 27250  5398 29352 27429  4354 26781 24737 11465 22953 21810 31117 12105 11931 29759 10489 18575  1134 17688  6584 15791 31542 22926    43 29721  6895 12481 22976 17170 12059 13365 17849 31077  1451  2856 23343 27477  5411 14371  8278  7383 19962 13520  1794 23550  6975    11  4714 24503 22147 21051  2604 16054 13042 27619 24210 21168 25539 12916  8724 23499   467  3942 15390 30803 29836 17798 14611 17582 25100 
12434 23441 14226 27267  8963 21239  3701 13021 22058 15140 24133   674  8318 18818  7258 31002 26165 19268 13225  7604 30737 22763 31290 20392 21629 25359  6876 22748 32472 31836 18199 10245 24849  1243 17762 30222 27508  6770 12182 23229 26307 29359 30115  5268 11401   449 30849  2037 14763  4807 20842 14730 20288 13646  6471 18404  5538  9236 17512 10338 30149  2322 26231 11093  7368 17082 29359  2913 24010  3710 19529  3111 26111 15505 15159 27680 30467 20721  6421 11724  7022 13733 19037 31757  2472 25155 22490 11725 10495  7350 15455 11495 27894 14142 15032 17477 31456 28600 20449  6470 
19886 21536  5494 21602 19462 20564 10347 15632  1173 18715 26621 19687  1189 26725  8424 32260 31986 32469 30939 22701 10425  7804 11817  1075 11027 21224 32705 24349 22145  6749 20832 25218  4808  1122 24581 21687 21759  6527  6822  3883 24038 28742 29473 23438 12921  5008 15221 11321   709  7689 25394 13258 29435 12015 10542  8206 31427  7190  5498 31781 20178  1328 20372 32224  2239 11339  9438 17006   274 14235 21327 15928  3999 16506 27753 25609  9746 21421 25707 18290 30922 18153  8647 15981 10731  1941  8406 17984 10926 18130 32715 12196 18172  9913  1766 22055  3900 19683   234 26319 
 5225 32303 30672 31232 10855 10175 10685  1183  9367 31044 18994 25720 16553 29820 25474  3037 13233  5625 27786  4240  3453 31523 26268  8676 26150 10624  6076 10782  2534 23347 13583  7969  5929 29891  4496 17995 17127  2078  9477 28570 14128  2270 32562 27667 16393  5578 31564 17252 14966 31648 18352 27848 31192 21778  5589  3883  6009 27662  1663  3215 24678 16450  9782 23726 21885 22240  3575 31456 29126 14238 31785 27456 11015 15106 31186  6922 24722  3548 24587  8264 11362  3604 20914  7342 19046 25765 32094 18370  2589   234 15256 25664 32355 22809 23880  9404 24459  5133 15981 17289 
21421    72 28945 20954  4417 31800  5245   551  4077 13241 11433 29138 15260 22236  3574 13835 24016 11750 12575 12273 12601 11932   877 27641 21382 30398  1835  4244  2427 20434 22618  8204  2372  8226 27046  4527 16137 27912  3480  1584 16322 21097  8204  6986 24141  4992 25574  8870  5821 10461 26881 16383 17398 28589  3688 12932 21367 24123 29897 19838 27510 25015 29990 25650 14130 18743 28622 11529 19845 25083  1932 24558 26040 10485  7454  5112 20124 13704  7912  8265 23510 16785   234  1078 15739 29348 28912  6824 30173 18584  6920  7361 24996 21829  4665 14275  1568  8588 12658 14894 
 6621 25496  2241  7209 31608 27236 10949 26403  2738 25213 28262 16570  6083 22538 30915  7388 23793  6665  9068 23340 13920 25307  4818 21415  3116 27139  4348  5767  8885 17195   123 25447 17722 11879 31647  7081 32426 15806 29675 13333 21686 29671 26055 27074 14635 16464 29813 15930  9599 31845   582 32473  5289 19982  6414 23414 20278  4985 14037 20550 15770 15387 21199 26364 13508 13041 11919  4917 28917 15884 18295 11796 13009 30540 31859 21801 12983 17004 15335 12440 24142 25662 19941 25719  5216  7992  3748 12663 21228 31024 11565  2247  2934  3684 16984  5941  4514  5565 21495  2967 
22529 31317  6225  7273 28459 11830  3538  4279 31502  6757 15104 20542  4741 20511 10929 16078 15661 24418 30843 26354   884 30383   365 14291 17650 12303  3324 23130 18685 12116   576 24981 15735 30113 32097 23132  6123  3628 22860 32308  3288 30787   426  3443  4429 29325  8466  5285  6838  2963 32637  8495  4342  7038  9467 10546  9910  2850  5285 10930  3068  3132 13267 17912 12031  9976 12687 22324 32570 16567   585 21351 26303    14 17356 27776 28110 12818  7536 16581 15526  5331 28817  6517 28571 11046 27969 31916 29033 32168 24378  5766 20424 27903 18198 15751 15936 31075  5059  5691 
15167  9054  4145  6681  2921 18895 22861  1453 32559 10549 28723 29175 13987 24618 15519  7438 22410  7470  5029  9736 27059 22950  5795 16414 19848 17956 32371  8460   227 19433  9957 11959  9763 18345 28268 12306   382 24974 15895  1346 24729  9855 19907 11009  8277 18081 30864  3392 17644  7454 13713 27920 22590 25894  2248 24002   613 16436    81  7501  4239 29075  4573 19441 24077 29472 27746 18202 21415 18257  4625 11143 28979 11382 20105 17067  5478  5439 23882 24404 30697  2687 21612 28042  2479 23087 10129 14778 12167 14262 22296 13076  2797 12648  8083 11569 17702  8012 15739 25849 
 4236 28450  6435 19652 21542 29092 28395 25535 13691  3341 18358  7314 29864 30936 21918  5951 20145 26314  2278 12877 23061 15666 28975 14119  4517 18032 16111  9663   405 31156 31008 25462 19156 16648 15157 20800 28825 24721  3922  3331  9279 25361 14524 25153   850 12209   655 11767 31722 11518 26287 14789 19255  5425  8448 21070 19038 24499   730  7394 32131 25568  6839 28763  6439  6412  1071 13636 29109  6083 29735  4417  2391 16469 21829 25002 12302 10898  2215 18810 27138 17107  7892 22120  4119 14394  7410   339 24256  8250  8762  3555 26392 29529   426  3438  5679 18228  9209  2328 
18081 27076 17872  5951  4206 16865 26167 24598 19205  6404 31054 21903 30114 12881 13117  8831 31194 21205 32621  5373 31861  7948 30713  2058 12411 29094 29023  4216 24721  3978 28284 28932  8838 23836  4279  6598 26922 30907 22652 14027 26719 24206 18924  4608 32626 31105 18898 19537  7595 17802 18137 12819 21794 26417   765 11935  4053 23631  4416  9024  6904 10774 23454  9552 31884 11345 17730 26525 18227 27117 15610 21266 24643  4793 21481  4755 27673  2666 11388  5672 21680  9442 21919 20830  7794 30642 26160 14570 32589 25821 27827 17296 27658 17119  1864 29251  4058 17901 14299  9102 
25138  3711 18587 13874 20185   268 21677 16145  9280 19220 18721 22090 15377 14692 29221 16294  4618 17302 26744 29235 15628 28887 29474 17198 32367 31213 12643 14374 23449 19576  8425 17503 30159 21367 21573 30069  5194 10511 28064 21313  5262  5512 12714 30464 13559 32665 18132  7602 28053 12773 29887 14785 19258  6597 30708 18403   208 25416 15829 27457  8944  5752  7380  5337 16817  6623 23778 14881 21694 15946  9258 24301 11692 14285  7168 30354 25738 10247 25108 24652 29369  7591  6636   733 28670 11567 12945 19319  9685  1785 13448  5084 27912 11895 11267 13252  2433 14014   857 16767 
30812 10310 25012 17883 25665 29675 25097 26440 13297  5944 13902 20538 26398 21989  2791 21711 13696 11422 15969  7090  9253 24839 16738 20031  1289 21244 13024  5096  5350 29469  3218 23767 11085   650 29604 16340 12534 32747   431 28522 20565 26036  6632  2629  5229  7591  7832 19167 27113 19866  6860 23132 13929 24954 13389 19122 31258 30352 31186 31756 12169  3075 24949 29041 23993  7326  2916 22688  4211  1492  7385 18751 10973 24577 18252 32565 18510 11251 20455  5205  8033 31145 11066 32060  6984 27738   304 19836  8035 16314 11585  1786 10513 12920  3818 30868 17351 31243 15962 28679 
  863  9134 31087 17168 30898  1705 23776 29650 21608 11219 15804 29816 11279 20053 14099 19995  5483 22960 16370 12006  3085  2306 23957  9080 21799  2949 17881 32649 21919 21080  1520 14801  3682 27522   344 16165 13051  3636 23822   228  3684 15438 11007 17041 10780  7461 27071 27329 27513 30083 11389 23352  6976 24816 32567  5199  2931 12336 23338 10137 20330  4365 16269 15813 14885 25431 17022 13254  5857 24360 11837  4914 20457 28780 32408 27112 30639 27553 21158 17654 26651 32732  9912 21178 27683  2573 27277 28743 10140 11651 18373  9737 12624 21939 11416 22445  4944  1333 28360 11067 
 9612  5647  6868 27525 30368 20278 17263 27077 14065 29522 25904  8834 23033 11458 12939 10675 25055 31456 23552  8743  2379  1158 10386 17444 16248 29649 29307 14159 10891 16164 23582 17355  9251   880 20797  7845 25649 21427 10348 21872 19978  8639 30918  7468  5050  9277 30686  2157  9115 24049 29689 26809  5159 10816 15994 24369   523 29423  6813 24691  5244 29485  1128 12224  7118 11220 25567  5466 32323 27884   120 21552 26401  6257 18638  8893 27655   597 17049 11054  7296  4553 14046 22211 12249  1977 28259 26743 17712  3733  4710 10979 27086 30551  1422 13664 22967 18370 18722  3180 
11902 32231 17017  8527 28766 11502 29874 29950 15751 22291   677 25151 31670 10479  3352 21262 18440 31225 16695 25919  6416 13900 11070 16998 18215  5547  8569 12020 28419 17346 23406  5282 25228 23982  2393  3091  7146 26816 32728 10676 26339  9854 19432  4584 13412 27115 17168  6242 19549 21001 25564 28369 20946  3483  6797  9923 19760  3119 15887  2755 12509 16476 22827  4805  3090 22345  5118 30661 24557  2414 20906 10922 19138 26783 22091 12912 32179 20294  2349 13702 12416 21744 10044 12917  1952 27659 31163 11203  8336  3309 25913 19223 14443  4633 25793 16285  8379 10686 17746 23468 
30350   129 13710 13735 20429  2428 32182 20513 21194  1927 29654  3396 27672 15286    61 29043  5791 23843 17968 31022 27119 15853 17632  1590 25301 16768  1177 10226  6700  2071  9275 17170 24054 29568 23278 23666 24748 26911 16914  2881 29394 30006 31605 22114 31437 13156  1993   274  7929  8299 24917  2764 22007 14646 12010 26217 20804  2842  8985 11404 30224  6492 23459 19773 22605 15347 21809  1236 27654 23440 18245  6169 24818 11996 31857  7081 23625 23808 31431 19100  1238 10603  4240 12388  5454  3279  6465 10744 26848 24429  3754   563 13837 30867 14961 11638 27578 26467  7103 26773 
25731 10453 21817 16113 25683 32512 14130 15329  5169 19861 14878 19287 28765  8108 32074  3520 23708 15043  7627  9003 21200 25347 31157 12718 24523 13510 13197 11013 25189 14167  2560  5501 16588  3320 22484 23569  2076 25642 20512 27090 10800  3624 19128  5260 19895 24245 13548  6822 25738 14615 31346 14410 31805 28260 31392  6086 31987 20732 24030  8498 19063  8535 24412 27987 31625 14337 24320 24512  7030  4322 20387 11331 10732  7107 21884 19330 19723 30222 10460  8927 27071 29141  4380 25500  5710  3606  3028 25923  6957 17470 29774 32581 30232 20203 16187  9697  4961 19958  7844 20039 
12681 27569  8739 24062  8973 26477 10066 10627 25218 10560 11908 17971 11492 17157 26547 13162  5676   675  3002  7917 19488 31123 21956 18565 31599  7580 12549 18669  2813 26337 28328 16366  8572  3870  6152 11721 10556 22063 12578 31701 17988 28626 32587 30825 29345 32429 10270 18940 13566 16531 15545  7563  9589 20483  1321  5180 13477  7921  8226 13376 26885  3785 19187 24829  1655 18866 26042  7789 21537 16656  2004  9153 29816 30028 14488   331   925 27351  8261 23962 28653 28780 17720  3559 16596  6806 10595  3504 16353  6259 23546  6562 14368 17847 21359 29116 16292  7667  9121  1714 
